m_original_name|m_original_name|63,61,49,62,10,11,12,13,14,15,16,17,18,19,20,21,22,6,23,24,25,7,60,77,82,83,84,85,86,87,88,90|text|Нет информации|0
m_year|Year|63,61,49,62,10,11,12,13,14,15,16,17,18,19,20,21,22,6,23,24,25,7,60,77,82,83,84,85,86,87,88,90|text|2008|0
m_country|country|63,61,49,62,10,11,12,13,14,15,16,17,18,19,20,21,22,6,23,24,25,7,60,77,82,83,84,85,86,87,88,90|text|США|0
m_director|director|63,61,49,62,10,11,12,13,14,15,16,17,18,19,20,21,22,6,23,24,25,7,60,77,82,83,84,85,86,87,88,90|text|Нет информации|0
m_actors|actors|63,61,49,62,10,11,12,13,14,15,16,17,18,19,20,21,22,6,23,24,25,7,60,77,82,83,84,85,86,87,88,90|textarea|Нет информации|0
m_other|other|91,107,125,120,114,130,103,115,121,122,109,108,116,117,131,102,129,126,110,123,105,113,104,132,106,112,133,134,136,135,118,124,127,119,137,138,111,128,88,90,62,11,13,14,15,16,17,18,77,19,20,21,22,6,23,24,25,82,83,84,85,86,87,61,60|textarea|Нет информации|0
games_year|games_year|45,65,66,69,46,47,48,67,68,72,73,74,75,79,80,81|text|2008|0
games_platform|Platform|45,65,66,69,46,47,48,67,68,72,73,74,75,79,80,81|select|PC__NEWL__X-Box__NEWL__Play Station__NEWL__Другая платформа|0
games_other|games_other|45,65,66,69,46,47,48,67,68,72,73,74,75,79,80,81|textarea|Нет информации|0
games_file_type|games_file_type|45,65,66,69,46,47,48,67,68,72,73,74,75,79,80,81|select|Образ DVD__NEWL__Архив ZIP__NEWL__Архив RAR__NEWL__Другой архив|0
games_country|games_country|45,65,66,69,46,47,48,67,68,72,73,74,75,79,80,81|text|Нет информации|0
games_sys_req|sys_req|45,65,66,69,46,47,48,67,68,72,73,74,75,79,80,81|textarea|Нет информации|0
games_original_name|games_original_name|45,65,66,69,46,47,48,67,68,72,73,74,75,79,80,81|text|Нет информации|0
soft_year|soft_year|52,53,54,55,56,57,58,78|text|2008|0
soft_platform|soft_platform|52,53,54,55,56,57,58,78|text|Нет информации|0
soft_other|soft_other|52,53,54,55,56,57,58,78|textarea|Нет информации|0
soft_original_name|soft_original_name|52,53,54,55,56,57,58,78|text|Нет информации|0
direct_links|Ссылки|91,107,125,120,114,130,103,115,121,122,109,108,116,117,131,102,129,126,110,123,105,113,104,132,106,112,133,134,136,135,118,124,127,119,137,138,111,128,88,90,2,62,11,13,14,15,16,17,18,77,19,20,21,22,6,23,24,25,82,83,84,85,86,87,61,3,29,30,31,32,33,71,35,36,37,38,39,40,41,42,43,44,4,52,53,54,55,56,57,58,78,5,45,65,66,69,46,47,48,67,80,79,81,60,72,73,74,75|textarea||1
sliderbiglink|Ссылка на БОЛЬШОЙ постер для слайдера (мин.высота: 468 ШИРИНА: 1000 (важно))||text|http://www.placehold.it/1000x468.png/000/fff&text=1000x468+Poster+place|1|0
poster4full|Poster 4 full||text|http://www.placehold.it/432x600.png/000/fff&amp;text=432x600+Poster|1|0
m_direct_links|m_direct_links|88|textarea||1|0